-38.6777 -60.61 -59.5084
-60.61 -38.6777 -55.3012
-59.5084 -55.3012 0
-38.6777 -60.61 -59.5084
-60.61 -38.6777 -55.3012
0 0 0
-38.6777 -60.61 -59.5084
-60.61 -38.6777 -55.3012
-59.5084 -55.3012 0
-38.6777 -60.61 -59.5084
-60.61 -38.6777 -55.3012
-59.5084 -55.3012 0
-38.6777 -60.61 -59.5084
-60.61 -38.6777 -55.3012
-59.5084 -55.3012 0
-38.6777 -60.61 -59.5084
-60.61 -38.6777 -55.3012
-59.5084 -55.3012 0
-38.6777 -60.61 -59.5084
-60.61 -38.6777 -55.3012
-59.5084 -55.3012 0
-38.6777 -60.61 -59.5084
-60.61 -38.6777 -55.3012
-59.5084 -55.3012 0
-38.6777 -60.61 -59.5084
-60.61 -38.6777 -55.3012
-59.5084 -55.3012 0
-38.6777 -60.61 -59.5084
-60.61 -38.6777 -55.3012
-59.5084 -55.3012 0
-38.6777 -60.61 -59.5084
-60.61 -38.6777 -55.3012
-59.5084 -55.3012 0
