-38.6777 -61.4123 -59.5084
-61.4123 -38.6777 -52.3653
-59.5084 -52.3653 0
-38.6777 -61.4123 -59.5084
-61.4123 -38.6777 -52.3653
0 0 0
-38.6777 -61.4123 -59.5084
-61.4123 -38.6777 -52.3653
-59.5084 -52.3653 0
-38.6777 -61.4123 -59.5084
-61.4123 -38.6777 -52.3653
-59.5084 -52.3653 0
-38.6777 -61.4123 -59.5084
-61.4123 -38.6777 -52.3653
-59.5084 -52.3653 0
-38.6777 -61.4123 -59.5084
-61.4123 -38.6777 -52.3653
-59.5084 -52.3653 0
-38.6777 -61.4123 -59.5084
-61.4123 -38.6777 -52.3653
-59.5084 -52.3653 0
-38.6777 -61.4123 -59.5084
-61.4123 -38.6777 -52.3653
-59.5084 -52.3653 0
-38.6777 -61.4123 -59.5084
-61.4123 -38.6777 -52.3653
-59.5084 -52.3653 0
-38.6777 -61.4123 -59.5084
-61.4123 -38.6777 -52.3653
-59.5084 -52.3653 0
-38.6777 -61.4123 -59.5084
-61.4123 -38.6777 -52.3653
-59.5084 -52.3653 0
