-38.6777 -57.4703 -59.5084
-57.4703 -38.6777 -46.6231
-59.5084 -46.6231 0
-38.6777 -57.4703 -59.5084
-57.4703 -38.6777 -46.6231
0 0 0
-38.6777 -57.4703 -59.5084
-57.4703 -38.6777 -46.6231
-59.5084 -46.6231 0
-38.6777 -57.4703 -59.5084
-57.4703 -38.6777 -46.6231
-59.5084 -46.6231 0
-38.6777 -57.4703 -59.5084
-57.4703 -38.6777 -46.6231
-59.5084 -46.6231 0
-38.6777 -57.4703 -59.5084
-57.4703 -38.6777 -46.6231
-59.5084 -46.6231 0
-38.6777 -57.4703 -59.5084
-57.4703 -38.6777 -46.6231
-59.5084 -46.6231 0
-38.6777 -57.4703 -59.5084
-57.4703 -38.6777 -46.6231
-59.5084 -46.6231 0
-38.6777 -57.4703 -59.5084
-57.4703 -38.6777 -46.6231
-59.5084 -46.6231 0
-38.6777 -57.4703 -59.5084
-57.4703 -38.6777 -46.6231
-59.5084 -46.6231 0
-38.6777 -57.4703 -59.5084
-57.4703 -38.6777 -46.6231
-59.5084 -46.6231 0
